‚.6628 4240
1.0321 4493
1.5874 2117
.3422 653
.9118 4051
.6751 937
1.1104 2434
.9043 3649
1.9900 5677
.6263 1792
.6779 2103
1.1137 2011
.5462 2361
.6582 2017
2.0500 3890
1.0265 4444
1.0937 4672
1.6436 6050
1.3004 2053
.4801 1343
.6588 1938
.6018 2616
.8631 1800
1.3376 2964
1.8627 4280
1.8338 4367
.6828 1080
1.0737 2201
.5539 2168
.6272 1906
.3392 608
1.0369 3968
.6284 1900
1.0192 4780
.5829 1952
.8633 882
1.3392 3053
1.5079 1856
1.0855 4395
1.5990 5588
.9337 1974
.6443 1032
.4013 2805
.4715 2359
2.0936 2410
.5395 3652
1.8436 4451
.3394 551
.7402 2159
.7421 1877
.5969 3269
1.4003 5692
.5453 5263
.5474 5143
2.2571 4346
.9109 4140
.5608 1842
.5733 1884
.6186 1600
1.5599 3455
.5503 5392
.5440 1285
.4068 850
.5293 1883
1.0890 4538
2.2687 2227
1.3375 3002
.5474 5161
.6096 2595
.3990 708
.3983 725
.3985 712
.6139 2865
.3702 717
1.7460 3036
1.5006 2384
.3324 683
.5192 1022
.3997 710
.8585 4280
.5442 5370
.8882 2700
.6199 3029
.5471 5386
.8603 1895
1.9952 3188
1.9077 3912
1.1175 1051
.7637 1776
.3923 1478
.7037 931
.6828 1082
.4477 3927
.6444 1493
1.0630 2104
1.0195 5280
.4934 2115
1.5102 1983
.4762 1818
.4876 2567
.8877 1471
.7703 4447
.9099 4198
.4398 1627
1.0750 2046
2.0280 5062
1.0291 2589
1.8213 4542
.4096 3900
.4738 1741
1.5550 7251
1.9706 6688
.6173 1442
.4762 1817
.8947 4182
1.2088 2805
.6294 1817
.5298 2462
.5563 2481
1.9100 3869
1.0671 2054
2.0210 7298
1.0906 4393
1.0922 4152
.5780 1851
1.0338 4245
.4905 2762
.3580 611
1.6672 7183
.4882 2734
.4890 2825
.3988 2784
.7026 5982
.8999 3673
.8755 4778
2.4131 7711
1.0824 3498
2.4120 5971
.8100 4298
.4876 2576
1.3457 5152
2.1916 3313
.7606 4317
.6485 1017
1.8648 4649
.6360 2029
1.7549 3895
.8996 5380
1.2463 2680
1.1980 3722
1.6531 6453
.4966 2465
1.0605 2044
.8965 5952
.4720 1890
.4391 1653
1.1800 3105
1.0325 4333
.4708 3800
2.4678 2333
1.7991 3972
.6580 1980
.7816 2577
.1985 207
1.0302 4919
.4618 985
1.4500 1718
.4898 2804
.4900 2867
1.0302 4522
.9364 1987
2.0598 4821
2.0017 6367
.5763 2332
2.6006 7082
.7340 5272
1.6791 4654
1.9106 3871
.6550 2026
2.0876 6568
1.0256 5259
1.0176 5528
.7857 1950
2.0884 7985
1.1321 3022
1.1322 3019
1.1321 3015
1.1322 3018
1.1322 3018
1.1320 3015
1.1341 2952
1.1320 3018
.4349 2507
1.4766 1760
.8758 2758
.7500 4782
.7757 4062
.6829 1074
.3462 1055
.5547 3564
.4887 2728
.6273 1882
1.7007 2890
1.1649 3039
1.1700 2488
1.7823 8288
1.6314 4518
.4740 1706
.4450 1902
1.0300 2409
.4882 2769
.4884 2723
2.1307 6225
.5328 1880
1.0394 4485
.5414 5803
.8585 4261
.6309 1838
1.5521 2771
2.1731 4935
.6331 1445
.4197 655
.6269 1789
.6219 3907
.6418 1653
.6415 1685
.4348 1831
1.0904 4229
.9550 1561
.4738 2457
.9905 968
1.7831 4417
.5317 1848
1.0395 3751
1.0453 3998
.4883 2726
.4179 1090
1.8536 4316
.7026 932
.6221 1850
.6169 1873
1.3760 5173
.3663 632
1.4529 5169
1.7251 6335
.7482 2201
.6130 4523
.4221 1374
2.0891 5718
.4629 1476
1.5329 5807
.5413 2100
1.3435 2203
1.1817 2438
.4076 977
1.4520 2809
.4537 1921
1.3716 3331
2.2145 7281
.5533 2101
1.6349 3103
1.9470 2866
.3118 864
2.1228 6214
1.0137 3270
.7301 4119
.8201 3972
.7256 2511
1.2278 3225
1.4682 3635
1.9649 7783
.5258 2192
1.1677 6345
1.7077 2985
1.6267 3525
 3009
 5491
 3918
 1034
 956
 791
 629
 2758
 2775
 1451
 4869
 2955
 4467
 4044
 4554
 4791
 4501
 2910
 2841
 2854
 1757
 1869
 1844
 4353
 4007
 4552
 3849
 8534
 4115
 2840
 3893
 4208
 4017
 4185
 2644
 5544
 4516
 2585
 4311
 3260
 4945
 2339
 4023
 3915
 2009
 2412
 3725
 3239
 2307
 2446
 975
 1932
 1781
 1804
 1842
 2068
 2293
 1720
 1801
 2712
 2550
 8623
 2750
 1714
 5960
 1814
 4073
 4124
 2640
 3149
 2615
 2931
 4321
 5218
 3795
 4538
 4756
 4008
 4956
 6547
 2169
 3878
 5355
 1787
 1096
 2785
 7592
 4189
 3793
 5073
 3822
 6084
 4851
 1339
 4384
 1869
 1215
 4443
 3158
 5039
 1699
 5100
 2485
 4860
 4939
 1893
 1923
 2127
 2596
 4527
 3562
 3797
 4588
 3340
 2120
 6021
 6015
 1895
 4786
 4020
 1813
 3992
 3554
 3951
 3799
 6788
 5610
 5420
 2155
 4609
 4091
 3929
 2765
 1426
 5223
 4762
 2060
 3659
 4518
 1845
 2886
 1993
 2854
 2005
 3975
 4269
 5309
 4862
 2082
 3585
 3441
 3705
 2835
 2117
 6206
 6035
 4288
 4683
 4561
 4924
 3992
 1333
 1972
 4600
 1854
 3700
 1640
 3695
 4244
 3700
 5326
 2115
 4899
 4322
 1720
 4560
 4986
 2130
 3709
 1635
 4523
 4306
 4709
 4366
 1978
 7330
 1701
 4257
 1889
 1159
 1324
 1482
 4427
 3041
 5444
 4506
 3361
 2293
 3701
 6369
 3034
 2020
 4140
 6233
 4065
 4622
 2998
 2078
 4792
 1422
 3984
 5812
 4951
 4067
 2798
 3025
 1928
 2101
 2021
 2046
 2018
 2921
 2456
 2345
 5503
 2827
 4478
 1610
 3667
 2712
 2157
 3846
 2128
 644
 4402
 4370
 3242
 7180
 5039
 3970
 5624
 4107
 1900
 4823
 2093
 1134
 6490
 2259
 4414
 1939
 3832
 1952
 2017
 3115
 6765
 5433
 4671
 2072
 2987
 7315
 7572
 644
 2124
 7296
 1512
 3560
 4305
 2198
 1468
 5958
 3296
 957
 4103
 4901
 3695
 2174
 2568
 5298
 2504
 2474
 2141
 2760
 1310
 3896
 2360
 2848
 4132
 3512
 4747
 4091
 4588
 1820
 4524
 2867
 3430
 4568
 4610
 1465
 1919
 2031
 4405
 3000
 4749
 603
 603
 5446
 1496
 3009
 5393
 5652
 3858
 685
 2008
 5713
 3620
 6499
 3559
 1302
 1587
 5370
 1517
 3019
 1325
 1746
 2085
 3555
 3800
 1858
 4568
 2598
 1777
 3892
 4091
 5636
 4452
 5792
 5602
 3652
 2157
 5311
 4952
 3839
 3316
 4096
 4669
 3473
 8177
 2642
 4525
 4724
 5348
 4209
 3821
 1320
 2721
 4294
 5479
 798
 3366
 3872
 623
 3041
 6372
 4247
 6305
 1600
 1927
 3119
 3879
 879
 4052
 4126
 5372
 3365
 2605
 3020
 1596
 2142
 1358
 4123
 3111
 3246
 3000
 4235
 5773
 2072
 893
 6992
 2283
 3508
 6970
 2038
 2235
 1814
 2159
 4298
 3154
 3918
 4432
 4035
 4223
 4321
 3945
 4264
 891
 2367
 2939
 1077
 3224
 4280
 1400
 3905
 2796
 2329
 2589
 7156
 9003
 2542
 2641
 1887
 3131
 1064
 4200
 1403
 1941
 3147
 3138
 2527
 7040
 5345
 4926
 4205
 3085
 2176
 2579
 966
 6418
