.6628
1.0321
1.5874
.3422
.9118
.6751
1.1104
.9043
1.9900
.6263
.6779
1.1137
.5462
.6582
2.0500
1.0265
1.0937
1.6436
1.3004
.4801
.6588
.6018
.8631
1.3376
1.8627
1.8338
.6828
1.0737
.5539
.6272
.3392
1.0369
.6284
1.0192
.5829
.8633
1.3392
1.5079
1.0855
1.5990
.9337
.6443
.4013
.4715
2.0936
.5395
1.8436
.3394
.7402
.7421
.5969
1.4003
.5453
.5474
2.2571
.9109
.5608
.5733
.6186
1.5599
.5503
.5440
.4068
.5293
1.0890
2.2687
1.3375
.5474
.6096
.3990
.3983
.3985
.6139
.3702
1.7460
1.5006
.3324
.5192
.3997
.8585
.5442
.8882
.6199
.5471
.8603
1.9952
1.9077
1.1175
.7637
.3923
.7037
.6828
.4477
.6444
1.0630
1.0195
.4934
1.5102
.4762
.4876
.8877
.7703
.9099
.4398
1.0750
2.0280
1.0291
1.8213
.4096
.4738
1.5550
1.9706
.6173
.4762
.8947
1.2088
.6294
.5298
.5563
1.9100
1.0671
2.0210
1.0906
1.0922
.5780
1.0338
.4905
.3580
1.6672
.4882
.4890
.3988
.7026
.8999
.8755
2.4131
1.0824
2.4120
.8100
.4876
1.3457
2.1916
.7606
.6485
1.8648
.6360
1.7549
.8996
1.2463
1.1980
1.6531
.4966
1.0605
.8965
.4720
.4391
1.1800
1.0325
.4708
2.4678
1.7991
.6580
.7816
.1985
1.0302
.4618
1.4500
.4898
.4900
1.0302
.9364
2.0598
2.0017
.5763
2.6006
.7340
1.6791
1.9106
.6550
2.0876
1.0256
1.0176
.7857
2.0884
1.1321
1.1322
1.1321
1.1322
1.1322
1.1320
1.1341
1.1320
.4349
1.4766
.8758
.7500
.7757
.6829
.3462
.5547
.4887
.6273
1.7007
1.1649
1.1700
1.7823
1.6314
.4740
.4450
1.0300
.4882
.4884
2.1307
.5328
1.0394
.5414
.8585
.6309
1.5521
2.1731
.6331
.4197
.6269
.6219
.6418
.6415
.4348
1.0904
.9550
.4738
.9905
1.7831
.5317
1.0395
1.0453
.4883
.4179
1.8536
.7026
.6221
.6169
1.3760
.3663
1.4529
1.7251
.7482
.6130
.4221
2.0891
.4629
1.5329
.5413
1.3435
1.1817
.4076
1.4520
.4537
1.3716
2.2145
.5533
1.6349
1.9470
.3118
2.1228
1.0137
.7301
.8201
.7256
1.2278
1.4682
1.9649
.5258
1.1677
1.7077
1.6267
