4240
4493
2117
653
4051
937
2434
3649
5677
1792
2103
2011
2361
2017
3890
4444
4672
6050
2053
1343
1938
2616
1800
2964
4280
4367
1080
2201
2168
1906
608
3968
1900
4780
1952
882
3053
1856
4395
5588
1974
1032
2805
2359
2410
3652
4451
551
2159
1877
3269
5692
5263
5143
4346
4140
1842
1884
1600
3455
5392
1285
850
1883
4538
2227
3002
5161
2595
708
725
712
2865
717
3036
2384
683
1022
710
4280
5370
2700
3029
5386
1895
3188
3912
1051
1776
1478
931
1082
3927
1493
2104
5280
2115
1983
1818
2567
1471
4447
4198
1627
2046
5062
2589
4542
3900
1741
7251
6688
1442
1817
4182
2805
1817
2462
2481
3869
2054
7298
4393
4152
1851
4245
2762
611
7183
2734
2825
2784
5982
3673
4778
7711
3498
5971
4298
2576
5152
3313
4317
1017
4649
2029
3895
5380
2680
3722
6453
2465
2044
5952
1890
1653
3105
4333
3800
2333
3972
1980
2577
207
4919
985
1718
2804
2867
4522
1987
4821
6367
2332
7082
5272
4654
3871
2026
6568
5259
5528
1950
7985
3022
3019
3015
3018
3018
3015
2952
3018
2507
1760
2758
4782
4062
1074
1055
3564
2728
1882
2890
3039
2488
8288
4518
1706
1902
2409
2769
2723
6225
1880
4485
5803
4261
1838
2771
4935
1445
655
1789
3907
1653
1685
1831
4229
1561
2457
968
4417
1848
3751
3998
2726
1090
4316
932
1850
1873
5173
632
5169
6335
2201
4523
1374
5718
1476
5807
2100
2203
2438
977
2809
1921
3331
7281
2101
3103
2866
864
6214
3270
4119
3972
2511
3225
3635
7783
2192
6345
2985
3525
3009
5491
3918
1034
956
791
629
2758
2775
1451
4869
2955
4467
4044
4554
4791
4501
2910
2841
2854
1757
1869
1844
4353
4007
4552
3849
8534
4115
2840
3893
4208
4017
4185
2644
5544
4516
2585
4311
3260
4945
2339
4023
3915
2009
2412
3725
3239
2307
2446
975
1932
1781
1804
1842
2068
2293
1720
1801
2712
2550
8623
2750
1714
5960
1814
4073
4124
2640
3149
2615
2931
4321
5218
3795
4538
4756
4008
4956
6547
2169
3878
5355
1787
1096
2785
7592
4189
3793
5073
3822
6084
4851
1339
4384
1869
1215
4443
3158
5039
1699
5100
2485
4860
4939
1893
1923
2127
2596
4527
3562
3797
4588
3340
2120
6021
6015
1895
4786
4020
1813
3992
3554
3951
3799
6788
5610
5420
2155
4609
4091
3929
2765
1426
5223
4762
2060
3659
4518
1845
2886
1993
2854
2005
3975
4269
5309
4862
2082
3585
3441
3705
2835
2117
6206
6035
4288
4683
4561
4924
3992
1333
1972
4600
1854
3700
1640
3695
4244
3700
5326
2115
4899
4322
1720
4560
4986
2130
3709
1635
4523
4306
4709
4366
1978
7330
1701
4257
1889
1159
1324
1482
4427
3041
5444
4506
3361
2293
3701
6369
3034
2020
4140
6233
4065
4622
2998
2078
4792
1422
3984
5812
4951
4067
2798
3025
1928
2101
2021
2046
2018
2921
2456
2345
5503
2827
4478
1610
3667
2712
2157
3846
2128
644
4402
4370
3242
7180
5039
3970
5624
4107
1900
4823
2093
1134
6490
2259
4414
1939
3832
1952
2017
3115
6765
5433
4671
2072
2987
7315
7572
644
2124
7296
1512
3560
4305
2198
1468
5958
3296
957
4103
4901
3695
2174
2568
5298
2504
2474
2141
2760
1310
3896
2360
2848
4132
3512
4747
4091
4588
1820
4524
2867
3430
4568
4610
1465
1919
2031
4405
3000
4749
603
603
5446
1496
3009
5393
5652
3858
685
2008
5713
3620
6499
3559
1302
1587
5370
1517
3019
1325
1746
2085
3555
3800
1858
4568
2598
1777
3892
4091
5636
4452
5792
5602
3652
2157
5311
4952
3839
3316
4096
4669
3473
8177
2642
4525
4724
5348
4209
3821
1320
2721
4294
5479
798
3366
3872
623
3041
6372
4247
6305
1600
1927
3119
3879
879
4052
4126
5372
3365
2605
3020
1596
2142
1358
4123
3111
3246
3000
4235
5773
2072
893
6992
2283
3508
6970
2038
2235
1814
2159
4298
3154
3918
4432
4035
4223
4321
3945
4264
891
2367
2939
1077
3224
4280
1400
3905
2796
2329
2589
7156
9003
2542
2641
1887
3131
1064
4200
1403
1941
3147
3138
2527
7040
5345
4926
4205
3085
2176
2579
966
6418
